 253 208 254 254 253 252 252 252 252 250 250 247 247 247 234 225
 254  86 167 254 253 252 251 250 251 249 248 247 249 244  85 206
 254  84  37 191 253 254 253 252 250 249 249 248 251 109  54 223
 254  86  43  49 209 253 253 253 250 249 248 246 110  44 207 247
 252  87 115 107  43 207 254 251 250 251 248 106  34 184 246 248
 253  93 112 252  98  46 216 252 250 252 141  44 174 248 247 246
 254  66 131 253 249  70  67 250 251 128  28 188 247 247 247 246
 253  75 142 254 254 234  48 107 164  24 158 230 137 151 152 247
 254  74 140 253 253 238  65  81 137  39 218 214  78  64  37 249
 253  75 132 253 238  84  87 244 251 113  57 225 247 227  32 248
 254  66 139 242  74  66 239 250 251 250 112  58 243 186  66 249
 254  70 130  96  56 227 251 251 251 249 250  69  92 188  60 246
 253  79  30  50 208 250 252 253 251 251 249 234  67  64  68 249
 251  72  39 207 251 252 252 252 248 249 250 248 227  49  57 249
 251  38 201 250 248 249 249 250 248 248 250 247 247 225 101 248
 185 180 250 251 251 251 250 248 248 248 248 246 248 248 238 246
 252 205 250 249 248 248 248 248 248 246 245 246 243 242 226 217
 251  85 165 249 249 250 250 248 246 246 245 244 243 238  76 200
 253  81  37 189 248 248 248 248 246 247 244 242 243 101  55 220
 250  81  37  47 206 247 248 248 247 246 242 238  99  41 210 242
 251  85 110 110  49 206 247 245 245 243 242 100  33 190 241 241
 250  89 106 248 101  46 213 245 243 244 134  44 177 243 243 241
 250  65 126 247 245  72  67 245 246 124  32 190 241 240 241 241
 249  67 135 247 247 230  49 106 156  27 161 227 132 143 147 242
 249  67 134 247 247 230  61  85 137  39 212 211  75  56  28 242
 249  73 126 247 231  80  90 241 246 119  54 218 241 224  30 242
 249  62 135 237  69  73 237 245 245 245 116  62 238 184  62 243
 249  66 123  85  54 227 245 245 245 243 245  73  90 187  55 239
 247  73  25  51 208 242 246 245 244 244 242 231  72  65  62 241
 247  70  45 208 244 245 245 244 243 243 241 241 223  54  50 241
 246  44 201 245 243 243 244 243 241 241 241 239 239 220  99 240
 174 176 244 244 243 241 242 241 240 240 240 239 238 238 231 238
 243 201 242 239 239 240 238 239 238 238 239 236 235 234 216 208
 242  79 159 241 240 240 240 239 238 237 237 238 234 228  66 195
 243  80  28 184 238 240 240 241 236 237 236 233 232  89  47 214
 240  80  35  38 196 238 241 239 236 235 232 225  86  42 206 231
 241  84 109 103  38 201 240 237 234 233 230  88  31 187 232 231
 241  86 103 240  90  36 205 234 233 234 123  39 173 233 233 233
 242  60 123 239 238  64  57 235 234 113  28 186 232 231 232 233
 240  62 126 237 237 224  45  96 148  23 158 218 131 145 145 230
 243  64 127 237 236 218  50  82 128  27 205 203  72  56  26 234
 241  70 122 236 217  64  86 236 236 102  43 209 232 219  28 232
 240  61 129 225  57  69 232 235 233 234 106  56 231 181  60 234
 237  66 116  74  50 221 235 232 233 231 237  64  77 183  53 230
 236  72  19  51 204 231 235 234 235 234 232 224  60  55  54 233
 234  66  37 202 234 233 234 234 231 232 231 230 216  44  39 229
 237  37 195 234 232 230 233 231 228 229 230 228 228 212  89 229
 162 169 234 233 231 230 231 229 228 229 231 229 229 229 222 228

 225 206 223 247 248 246 246 247 249 248 249 246 249 249 248 246
 234  85  54 207 246 247 247 152  37  32  66  60  68  57 101 238
 247 244 109  44 184 248 247 151  64 227 186 188  64  49 225 248
 247 249 251 110  34 174 247 137  78 247 243  92  67 227 247 248
 247 247 248 246 106  44 188 230 214 225  58  69 234 248 247 246
 250 248 249 248 248 141  28 158 218  57 112 250 249 250 250 248
 250 249 249 249 251 252 128  24  39 113 250 249 251 249 248 248
 252 251 250 250 250 250 251 164 137 251 251 251 251 248 248 248
 252 250 252 253 251 252 250 107  81 244 250 251 253 252 250 248
 252 251 253 253 254 216  67  48  65  87 239 251 252 252 249 250
 252 252 254 253 207  46  70 234 238  84  66 227 250 252 249 251
 253 253 253 209  43  98 249 254 253 238  74  56 208 251 248 251
 254 254 191  49 107 252 253 254 253 253 242  96  50 207 250 251
 254 167  37  43 115 112 131 142 140 132 139 130  30  39 201 250
 208  86  84  86  87  93  66  75  74  75  66  70  79  72  38 180
 253 254 254 254 252 253 254 253 254 253 254 254 253 251 251 185
 217 200 220 242 241 241 241 242 242 242 243 239 241 241 240 238
 226  76  55 210 241 243 241 147  28  30  62  55  62  50  99 231
 242 238 101  41 190 243 240 143  56 224 184 187  65  54 220 238
 243 243 243  99  33 177 241 132  75 241 238  90  72 223 239 238
 246 244 242 238 100  44 190 227 211 218  62  73 231 241 239 239
 245 245 244 242 242 134  32 161 212  54 116 245 242 241 241 240
 246 246 247 246 243 244 124  27  39 119 245 243 244 243 241 240
 248 246 246 247 245 243 246 156 137 246 245 245 244 243 241 240
 248 248 248 248 245 245 245 106  85 241 245 245 245 244 243 241
 248 250 248 248 247 213  67  49  61  90 237 245 246 245 244 242
 248 250 248 247 206  46  72 230 230  80  73 227 242 245 243 241
 248 249 248 206  49 101 245 247 247 231  69  54 208 244 243 243
 249 249 189  47 110 248 247 247 247 247 237  85  51 208 245 244
 250 165  37  37 110 106 126 135 134 126 135 123  25  45 201 244
 205  85  81  81  85  89  65  67  67  73  62  66  73  70  44 176
 252 251 253 250 251 250 250 249 249 249 249 249 247 247 246 174
 208 195 214 231 231 233 233 230 234 232 234 230 233 229 229 228
 216  66  47 206 232 233 232 145  26  28  60  53  54  39  89 222
 234 228  89  42 187 233 231 145  56 219 181 183  55  44 212 229
 235 234 232  86  31 173 232 131  72 232 231  77  60 216 228 229
 236 238 233 225  88  39 186 218 203 209  56  64 224 230 228 229
 239 237 236 232 230 123  28 158 205  43 106 237 232 231 230 231
 238 237 237 235 233 234 113  23  27 102 234 231 234 232 229 229
 238 238 236 236 234 233 234 148 128 236 233 233 235 231 228 228
 239 239 241 239 237 234 235  96  82 236 235 232 234 234 231 229
 238 240 240 241 240 205  57  45  50  86 232 235 235 234 233 231
 240 240 240 238 201  36  64 224 218  64  69 221 231 233 230 230
 239 240 238 196  38  90 238 237 236 217  57  50 204 234 232 231
 239 241 184  38 103 240 239 237 237 236 225  74  51 202 234 233
 242 159  28  35 109 103 123 126 127 122 129 116  19  37 195 234
 201  79  80  80  84  86  60  62  64  70  61  66  72  66  37 169
 243 242 243 240 241 241 242 240 243 241 240 237 236 234 237 162

 246 238 248 248 246 248 248 248 248 250 251 251 251 250 180 185
 248 101 225 247 247 250 248 248 250 249 249 248 250 201  38 251
 249  57  49 227 248 250 249 248 252 252 252 251 207  39  72 251
 249  68  64  67 234 249 251 251 253 252 250 208  50  30  79 253
 246  60 188  92  69 250 249 251 251 251 227  56  96 130  70 254
 249  66 186 243  58 112 250 251 250 239  66  74 242 139  66 254
 248  32 227 247 225  57 113 251 244  87  84 238 253 132  75 253
 249  37  64  78 214 218  39 137  81  65 238 253 253 140  74 254
 247 152 151 137 230 158  24 164 107  48 234 254 254 142  75 253
 246 247 247 247 188  28 128 251 250  67  70 249 253 131  66 254
 246 247 248 174  44 141 252 250 252 216  46  98 252 112  93 253
 248 246 184  34 106 248 251 250 251 254 207  43 107 115  87 252
 247 207  44 110 246 248 249 250 253 253 253 209  49  43  86 254
 223  54 109 251 248 249 249 250 252 253 254 253 191  37  84 254
 206  85 244 249 247 248 249 251 250 251 252 253 254 167  86 254
 225 234 247 247 247 250 250 252 252 252 252 253 254 254 208 253
 238 231 238 238 239 240 240 240 241 242 241 243 244 244 176 174
 240  99 220 239 239 241 241 241 243 244 243 243 245 201  44 246
 241  50  54 223 241 241 243 243 244 245 245 244 208  45  70 247
 241  62  65  72 231 242 244 244 245 246 242 208  51  25  73 247
 239  55 187  90  73 245 243 245 245 245 227  54  85 123  66 249
 243  62 184 238  62 116 245 245 245 237  73  69 237 135  62 249
 242  30 224 241 218  54 119 246 241  90  80 231 247 126  73 249
 242  28  56  75 211 212  39 137  85  61 230 247 247 134  67 249
 242 147 143 132 227 161  27 156 106  49 230 247 247 135  67 249
 241 241 240 241 190  32 124 246 245  67  72 245 247 126  65 250
 241 243 243 177  44 134 244 243 245 213  46 101 248 106  89 250
 241 241 190  33 100 242 243 245 245 247 206  49 110 110  85 251
 242 210  41  99 238 242 246 247 248 248 247 206  47  37  81 250
 220  55 101 243 242 244 247 246 248 248 248 248 189  37  81 253
 200  76 238 243 244 245 246 246 248 250 250 249 249 165  85 251
 217 226 242 243 246 245 246 248 248 248 248 248 249 250 205 252
 228 222 229 229 229 231 229 228 229 231 230 231 233 234 169 162
 229  89 212 228 228 230 229 228 231 233 230 232 234 195  37 237
 229  39  44 216 230 231 232 231 234 234 233 234 202  37  66 234
 233  54  55  60 224 232 234 235 234 235 231 204  51  19  72 236
 230  53 183  77  64 237 231 233 232 235 221  50  74 116  66 237
 234  60 181 231  56 106 234 233 235 232  69  57 225 129  61 240
 232  28 219 232 209  43 102 236 236  86  64 217 236 122  70 241
 234  26  56  72 203 205  27 128  82  50 218 236 237 127  64 243
 230 145 145 131 218 158  23 148  96  45 224 237 237 126  62 240
 233 232 231 232 186  28 113 234 235  57  64 238 239 123  60 242
 233 233 233 173  39 123 234 233 234 205  36  90 240 103  86 241
 231 232 187  31  88 230 233 234 237 240 201  38 103 109  84 241
 231 206  42  86 225 232 235 236 239 241 238 196  38  35  80 240
 214  47  89 232 233 236 237 236 241 240 240 238 184  28  80 243
 195  66 228 234 238 237 237 238 239 240 240 240 241 159  79 242
 208 216 234 235 236 239 238 238 239 238 240 239 239 242 201 243

 185 251 251 253 254 254 253 254 253 254 253 252 254 254 254 253
 180  38  72  79  70  66  75  74  75  66  93  87  86  84  86 208
 250 201  39  30 130 139 132 140 142 131 112 115  43  37 167 254
 251 250 207  50  96 242 253 253 254 253 252 107  49 191 254 254
 251 248 251 208  56  74 238 253 254 249  98  43 209 253 253 253
 251 249 252 250 227  66  84 238 234  70  46 207 253 254 252 252
 250 249 252 252 251 239  87  65  48  67 216 254 253 253 251 252
 248 250 252 253 251 250 244  81 107 250 252 251 253 252 250 252
 248 248 248 251 251 251 251 137 164 251 250 250 250 250 251 252
 248 248 249 251 249 250 113  39  24 128 252 251 249 249 249 250
 248 250 250 249 250 112  57 218 158  28 141 248 248 249 248 250
 246 247 248 234  69  58 225 214 230 188  44 106 246 248 247 247
 248 247 227  67  92 243 247  78 137 247 174  34 110 251 249 247
 248 225  49  64 188 186 227  64 151 247 248 184  44 109 244 247
 238 101  57  68  60  66  32  37 152 247 247 246 207  54  85 234
 246 248 249 249 246 249 248 249 247 246 246 248 247 223 206 225
 174 246 247 247 249 249 249 249 249 250 250 251 250 253 251 252
 176  44  70  73  66  62  73  67  67  65  89  85  81  81  85 205
 244 201  45  25 123 135 126 134 135 126 106 110  37  37 165 250
 244 245 208  51  85 237 247 247 247 247 248 110  47 189 249 249
 243 243 244 208  54  69 231 247 247 245 101  49 206 248 249 248
 241 243 245 242 227  73  80 230 230  72  46 206 247 248 250 248
 242 244 245 246 245 237  90  61  49  67 213 247 248 248 250 248
 241 243 244 245 245 245 241  85 106 245 245 245 248 248 248 248
 240 241 243 244 245 245 246 137 156 246 243 245 247 246 246 248
 240 241 243 244 243 245 119  39  27 124 244 243 246 247 246 246
 240 241 241 242 245 116  54 212 161  32 134 242 242 244 245 245
 239 239 241 231  73  62 218 211 227 190  44 100 238 242 244 246
 238 239 223  72  90 238 241  75 132 241 177  33  99 243 243 243
 238 220  54  65 187 184 224  56 143 240 243 190  41 101 238 242
 231  99  50  62  55  62  30  28 147 241 243 241 210  55  76 226
 238 240 241 241 239 243 242 242 242 241 241 241 242 220 200 217
 162 237 234 236 237 240 241 243 240 242 241 241 240 243 242 243
 169  37  66  72  66  61  70  64  62  60  86  84  80  80  79 201
 234 195  37  19 116 129 122 127 126 123 103 109  35  28 159 242
 233 234 202  51  74 225 236 237 237 239 240 103  38 184 241 239
 231 232 234 204  50  57 217 236 237 238  90  38 196 238 240 239
 230 230 233 231 221  69  64 218 224  64  36 201 238 240 240 240
 231 233 234 235 235 232  86  50  45  57 205 240 241 240 240 238
 229 231 234 234 232 235 236  82  96 235 234 237 239 241 239 239
 228 228 231 235 233 233 236 128 148 234 233 234 236 236 238 238
 229 229 232 234 231 234 102  27  23 113 234 233 235 237 237 238
 231 230 231 232 237 106  43 205 158  28 123 230 232 236 237 239
 229 228 230 224  64  56 209 203 218 186  39  88 225 233 238 236
 229 228 216  60  77 231 232  72 131 232 173  31  86 232 234 235
 229 212  44  55 183 181 219  56 145 231 233 187  42  89 228 234
 222  89  39  54  53  60  28  26 145 232 233 232 206  47  66 216
 228 229 229 233 230 234 232 234 230 233 233 231 231 214 195 208

