 222 230 237 224 217 216 216 215 215 216 216 216 216 221 229 229
 224 195 103 214 237 220 216 216 216 217 216 216 216 228 140 100
 223 202  63  58 115 199 227 220 216 215 216 217 216 232 113  87
 221 204  67  64  56  71 139 211 221 213 215 217 217 231 122  79
 221 209  65  72  69  58  48  72 172 220 219 217 217 232 108  80
 220 205  61  67  65  64  60  54  54  93 213 229 218 232 117  77
 222 199  64  64  65  66  66  65  62  58  44 118 221 235 143  83
 225 202  67  68  69  67  67  65  64  63  60  48  77 179 132  90
 224 206  60  70  69  65  64  64  62  61  53  39  45 131 106  81
 228 198  57  66  66  64  64  61  56  50  39 105 200 224 122  71
 227 199  57  66  65  65  60  46  45  85 194 228 217 221 124  78
 230 197  55  66  62  58  31  68 151 222 219 218 221 227 126  80
 227 187  54  56  41  59 136 213 225 216 221 222 221 228 123  83
 229 216  40  41 121 205 218 216 220 223 224 223 220 227 122  85
 230 212 125 203 233 217 218 219 222 225 226 224 221 222 123  69
 225 227 230 231 222 220 220 220 221 224 224 224 221 222 198 179
 224 231 238 225 219 221 221 222 221 222 221 221 221 224 230 228
 227 195 102 214 237 224 222 222 223 222 222 222 221 230 139  94
 226 204  66  62 121 207 234 225 222 221 222 223 223 237 115  87
 225 206  67  66  61  82 153 226 234 223 223 224 224 235 123  80
 225 212  65  68  69  66  62  92 188 234 229 224 223 234 107  79
 226 211  65  70  67  67  66  64  67 108 225 239 225 236 120  79
 228 205  69  67  65  66  66  66  68  68  57 133 231 239 145  83
 229 203  68  65  65  65  66  66  66  68  68  59  86 179 126  80
 228 206  58  66  65  65  66  67  69  71  68  58  61 143 110  78
 234 200  60  64  65  65  66  67  69  67  64 133 223 241 131  74
 231 201  61  67  67  68  65  59  70 112 219 247 229 228 127  79
 233 199  60  70  70  71  51  95 180 243 238 230 227 230 126  77
 233 194  64  70  62  83 164 236 238 231 230 229 226 232 122  79
 232 221  53  61 142 219 236 228 225 227 228 229 226 233 125  85
 231 216 134 211 243 229 226 226 226 228 229 228 226 230 131  75
 227 230 234 234 227 226 226 227 227 228 229 228 226 228 205 186
 213 221 231 219 213 215 215 213 212 210 208 209 208 209 214 212
 218 187  95 210 234 219 216 213 212 211 210 211 210 217 125  79
 218 196  59  55 115 201 227 218 213 210 210 212 212 229 110  83
 218 200  63  63  58  75 146 217 225 213 213 214 214 229 119  76
 220 207  63  69  70  64  57  85 183 227 221 218 216 228 101  74
 220 208  64  70  66  66  65  61  63 102 219 232 217 231 114  74
 223 202  68  67  65  65  65  65  65  65  53 128 225 233 137  76
 224 202  68  66  67  66  66  65  66  68  69  62  90 184 131  82
 223 204  58  68  69  68  67  67  69  72  71  65  72 153 118  82
 226 197  57  67  69  69  70  70  72  71  67 134 222 239 131  75
 223 194  55  65  68  70  70  64  73 115 218 244 224 223 125  79
 226 193  52  66  71  73  56 101 182 242 234 224 221 227 127  80
 228 191  62  71  65  87 167 237 238 229 226 223 221 231 124  84
 228 222  59  68 149 220 234 226 223 226 225 223 221 231 126  88
 228 217 139 215 242 223 218 218 221 224 225 223 220 226 129  75
 223 228 232 232 222 220 217 218 221 223 225 224 221 222 201 185

 229 100  87  79  80  77  83  90  81  71  78  80  83  85  69 179
 229 140 113 122 108 117 143 132 106 122 124 126 123 122 123 198
 221 228 232 231 232 232 235 179 131 224 221 227 228 227 222 222
 216 216 216 217 217 218 221  77  45 200 217 221 221 220 221 221
 216 216 217 217 217 229 118  48  39 105 228 218 222 223 224 224
 216 216 216 215 219 213  44  60  53  39 194 219 221 224 226 224
 216 217 215 213 220  93  58  63  61  50  85 222 216 223 225 224
 215 216 216 221 172  54  62  64  62  56  45 151 225 220 222 221
 215 216 220 211  72  54  65  65  64  61  46  68 213 216 219 220
 216 216 227 139  48  60  66  67  64  64  60  31 136 218 218 220
 216 220 199  71  58  64  66  67  65  64  65  58  59 205 217 220
 217 237 115  56  69  65  65  69  69  66  65  62  41 121 233 222
 224 214  58  64  72  67  64  68  70  66  66  66  56  41 203 231
 237 103  63  67  65  61  64  67  60  57  57  55  54  40 125 230
 230 195 202 204 209 205 199 202 206 198 199 197 187 216 212 227
 222 224 223 221 221 220 222 225 224 228 227 230 227 229 230 225
 228  94  87  80  79  79  83  80  78  74  79  77  79  85  75 186
 230 139 115 123 107 120 145 126 110 131 127 126 122 125 131 205
 224 230 237 235 234 236 239 179 143 241 228 230 232 233 230 228
 221 221 223 224 223 225 231  86  61 223 229 227 226 226 226 226
 221 222 223 224 224 239 133  59  58 133 247 230 229 229 228 228
 221 222 222 223 229 225  57  68  68  64 219 238 230 228 229 229
 222 222 221 223 234 108  68  68  71  67 112 243 231 227 228 228
 221 223 222 234 188  67  68  66  69  69  70 180 238 225 226 227
 222 222 225 226  92  64  66  66  67  67  59  95 236 228 226 227
 221 222 234 153  62  66  66  66  66  66  65  51 164 236 226 226
 221 224 207  82  66  67  66  65  65  65  68  71  83 219 229 226
 219 237 121  61  69  67  65  65  65  65  67  70  62 142 243 227
 225 214  62  66  68  70  67  65  66  64  67  70  70  61 211 234
 238 102  66  67  65  65  69  68  58  60  61  60  64  53 134 234
 231 195 204 206 212 211 205 203 206 200 201 199 194 221 216 230
 224 227 226 225 225 226 228 229 228 234 231 233 233 232 231 227
 212  79  83  76  74  74  76  82  82  75  79  80  84  88  75 185
 214 125 110 119 101 114 137 131 118 131 125 127 124 126 129 201
 209 217 229 229 228 231 233 184 153 239 223 227 231 231 226 222
 208 210 212 214 216 217 225  90  72 222 224 221 221 221 220 221
 209 211 212 214 218 232 128  62  65 134 244 224 223 223 223 224
 208 210 210 213 221 219  53  69  71  67 218 234 226 225 225 225
 210 211 210 213 227 102  65  68  72  71 115 242 229 226 224 223
 212 212 213 225 183  63  65  66  69  72  73 182 238 223 221 221
 213 213 218 217  85  61  65  65  67  70  64 101 237 226 218 218
 215 216 227 146  57  65  65  66  67  70  70  56 167 234 218 217
 215 219 201  75  64  66  65  66  68  69  70  73  87 220 223 220
 213 234 115  58  70  66  65  67  69  69  68  71  65 149 242 222
 219 210  55  63  69  70  67  66  68  67  65  66  71  68 215 232
 231  95  59  63  63  64  68  68  58  57  55  52  62  59 139 232
 221 187 196 200 207 208 202 202 204 197 194 193 191 222 217 228
 213 218 218 218 220 220 223 224 223 226 223 226 228 228 228 223

 179 198 222 221 224 224 224 221 220 220 220 222 231 230 227 225
  69 123 222 221 224 226 225 222 219 218 217 233 203 125 212 230
  85 122 227 220 223 224 223 220 216 218 205 121  41  40 216 229
  83 123 228 221 222 221 216 225 213 136  59  41  56  54 187 227
  80 126 227 221 218 219 222 151  68  31  58  62  66  55 197 230
  78 124 221 217 228 194  85  45  46  60  65  65  66  57 199 227
  71 122 224 200 105  39  50  56  61  64  64  66  66  57 198 228
  81 106 131  45  39  53  61  62  64  64  65  69  70  60 206 224
  90 132 179  77  48  60  63  64  65  67  67  69  68  67 202 225
  83 143 235 221 118  44  58  62  65  66  66  65  64  64 199 222
  77 117 232 218 229 213  93  54  54  60  64  65  67  61 205 220
  80 108 232 217 217 219 220 172  72  48  58  69  72  65 209 221
  79 122 231 217 217 215 213 221 211 139  71  56  64  67 204 221
  87 113 232 216 217 216 215 216 220 227 199 115  58  63 202 223
 100 140 228 216 216 216 217 216 216 216 220 237 214 103 195 224
 229 229 221 216 216 216 216 215 215 216 216 217 224 237 230 222
 186 205 228 226 228 229 228 227 227 226 226 227 234 234 230 227
  75 131 230 226 228 229 228 226 226 226 229 243 211 134 216 231
  85 125 233 226 229 228 227 225 228 236 219 142  61  53 221 232
  79 122 232 226 229 230 231 238 236 164  83  62  70  64 194 233
  77 126 230 227 230 238 243 180  95  51  71  70  70  60 199 233
  79 127 228 229 247 219 112  70  59  65  68  67  67  61 201 231
  74 131 241 223 133  64  67  69  67  66  65  65  64  60 200 234
  78 110 143  61  58  68  71  69  67  66  65  65  66  58 206 228
  80 126 179  86  59  68  68  66  66  66  65  65  65  68 203 229
  83 145 239 231 133  57  68  68  66  66  66  65  67  69 205 228
  79 120 236 225 239 225 108  67  64  66  67  67  70  65 211 226
  79 107 234 223 224 229 234 188  92  62  66  69  68  65 212 225
  80 123 235 224 224 223 223 234 226 153  82  61  66  67 206 225
  87 115 237 223 223 222 221 222 225 234 207 121  62  66 204 226
  94 139 230 221 222 222 222 223 222 222 224 237 214 102 195 227
 228 230 224 221 221 221 222 221 222 221 221 219 225 238 231 224
 185 201 222 221 224 225 223 221 218 217 220 222 232 232 228 223
  75 129 226 220 223 225 224 221 218 218 223 242 215 139 217 228
  88 126 231 221 223 225 226 223 226 234 220 149  68  59 222 228
  84 124 231 221 223 226 229 238 237 167  87  65  71  62 191 228
  80 127 227 221 224 234 242 182 101  56  73  71  66  52 193 226
  79 125 223 224 244 218 115  73  64  70  70  68  65  55 194 223
  75 131 239 222 134  67  71  72  70  70  69  69  67  57 197 226
  82 118 153  72  65  71  72  69  67  67  68  69  68  58 204 223
  82 131 184  90  62  69  68  66  65  66  66  67  66  68 202 224
  76 137 233 225 128  53  65  65  65  65  65  65  67  68 202 223
  74 114 231 217 232 219 102  63  61  65  66  66  70  64 208 220
  74 101 228 216 218 221 227 183  85  57  64  70  69  63 207 220
  76 119 229 214 214 213 213 225 217 146  75  58  63  63 200 218
  83 110 229 212 212 210 210 213 218 227 201 115  55  59 196 218
  79 125 217 210 211 210 211 212 213 216 219 234 210  95 187 218
 212 214 209 208 209 208 210 212 213 215 215 213 219 231 221 213

 225 230 229 227 230 227 228 224 225 222 220 221 221 223 224 222
 227 212 216 187 197 199 198 206 202 199 205 209 204 202 195 230
 230 125  40  54  55  57  57  60  67  64  61  65  67  63 103 237
 231 203  41  56  66  66  66  70  68  64  67  72  64  58 214 224
 222 233 121  41  62  65  66  69  69  65  65  69  56 115 237 217
 220 217 205  59  58  65  64  65  67  66  64  58  71 199 220 216
 220 218 218 136  31  60  64  64  67  66  60  48 139 227 216 216
 220 219 216 213  68  46  61  64  65  65  54  72 211 220 216 215
 221 222 220 225 151  45  56  62  64  62  54 172 221 216 216 215
 224 225 223 216 222  85  50  61  63  58  93 220 213 215 217 216
 224 226 224 221 219 194  39  53  60  44 213 219 215 216 216 216
 224 224 223 222 218 228 105  39  48 118 229 217 217 217 216 216
 221 221 220 221 221 217 200  45  77 221 218 217 217 216 216 216
 222 222 227 228 227 221 224 131 179 235 232 232 231 232 228 221
 198 123 122 123 126 124 122 106 132 143 117 108 122 113 140 229
 179  69  85  83  80  78  71  81  90  83  77  80  79  87 100 229
 227 231 232 233 233 231 234 228 229 228 226 225 225 226 227 224
 230 216 221 194 199 201 200 206 203 205 211 212 206 204 195 231
 234 134  53  64  60  61  60  58  68  69  65  65  67  66 102 238
 234 211  61  70  70  67  64  66  65  67  70  68  66  62 214 225
 227 243 142  62  70  67  65  65  65  65  67  69  61 121 237 219
 226 229 219  83  71  68  65  65  65  66  67  66  82 207 224 221
 226 226 236 164  51  65  66  66  66  66  66  62 153 234 222 221
 227 226 228 236  95  59  67  67  66  66  64  92 226 225 222 222
 227 226 225 238 180  70  69  69  66  68  67 188 234 222 223 221
 228 228 227 231 243 112  67  71  68  68 108 234 223 221 222 222
 229 229 228 230 238 219  64  68  68  57 225 229 223 222 222 221
 228 228 229 229 230 247 133  58  59 133 239 224 224 223 222 221
 226 226 226 226 227 229 223  61  86 231 225 223 224 223 221 221
 228 230 233 232 230 228 241 143 179 239 236 234 235 237 230 224
 205 131 125 122 126 127 131 110 126 145 120 107 123 115 139 230
 186  75  85  79  77  79  74  78  80  83  79  79  80  87  94 228
 223 228 228 228 226 223 226 223 224 223 220 220 218 218 218 213
 228 217 222 191 193 194 197 204 202 202 208 207 200 196 187 221
 232 139  59  62  52  55  57  58  68  68  64  63  63  59  95 231
 232 215  68  71  66  65  67  68  66  67  70  69  63  55 210 219
 222 242 149  65  71  68  69  69  67  65  66  70  58 115 234 213
 220 223 220  87  73  70  69  68  66  65  66  64  75 201 219 215
 217 218 234 167  56  70  70  67  66  65  65  57 146 227 216 215
 218 218 226 237 101  64  70  67  65  65  61  85 217 218 213 213
 221 221 223 238 182  73  72  69  66  65  63 183 225 213 212 212
 223 224 226 229 242 115  71  72  68  65 102 227 213 210 211 210
 225 225 225 226 234 218  67  71  69  53 219 221 213 210 210 208
 224 223 223 223 224 244 134  65  62 128 232 218 214 212 211 209
 221 220 221 221 221 224 222  72  90 225 217 216 214 212 210 208
 222 226 231 231 227 223 239 153 184 233 231 228 229 229 217 209
 201 129 126 124 127 125 131 118 131 137 114 101 119 110 125 214
 185  75  88  84  80  79  75  82  82  76  74  74  76  83  79 212

