 208 208 206 206 206 206 205 205 207 206 206 207 209 220 227 220
 211 208 207 207 207 207 206 206 207 208 209 217 214 143  75  82
 212 207 207 206 206 206 207 207 210 219 220 179 110  82  85  88
 213 211 209 207 207 207 211 213 227 189 126  70  79  80  81  86
 215 213 211 209 210 211 225 212 141  81  74  75  73  73  77  83
 216 213 212 213 222 213 169  84  79  81  74  75  72  70  73  78
 217 216 220 226 176 114  83  84  83  78  76  74  73  70  75  79
 218 222 212 136  98  87  86  82  79  76  72  72  73  71  74  79
 219 222 213 139  84  85  81  78  76  73  70  69  73  73  73  77
 219 217 219 222 179  83  75  78  76  73  71  69  69  72  76  79
 218 216 217 219 225 235 135  72  77  72  71  70  69  73  78  80
 218 216 217 217 216 219 225 201 116  77  67  70  70  71  76  80
 218 217 217 216 215 215 215 217 215 159  86  70  67  71  76  79
 218 216 217 216 215 215 216 213 211 217 202 148  82  66  74  78
 218 216 217 217 217 215 215 214 210 210 214 219 185 118  69  71
 217 216 217 217 217 215 215 213 211 210 211 209 213 211 168 146
 212 211 211 211 210 210 210 210 211 210 210 210 210 218 223 213
 214 213 212 212 212 211 210 210 212 212 212 216 210 135  64  68
 214 212 212 211 211 211 211 210 211 218 217 173 100  70  74  77
 216 213 211 210 209 210 212 213 224 184 121  65  73  73  73  76
 215 214 212 209 210 211 222 208 137  77  71  75  73  71  72  75
 215 214 212 212 219 207 160  76  74  77  74  74  73  71  72  74
 212 212 216 221 167 103  72  72  75  76  76  75  73  69  72  74
 211 210 195 119  79  72  74  74  75  76  74  75  75  71  72  74
 215 213 198 123  67  72  75  74  75  75  73  72  75  74  72  73
 218 216 217 218 173  77  70  74  74  74  74  72  72  72  71  71
 217 217 216 215 220 228 130  70  76  73  72  71  69  70  71  71
 216 216 216 215 213 215 222 201 119  82  73  73  72  71  71  72
 217 216 216 215 213 212 214 218 220 166  95  79  74  74  74  75
 218 217 216 216 215 214 215 212 212 220 208 156  90  72  76  77
 218 217 217 217 217 215 215 214 211 212 216 223 188 121  70  67
 218 218 217 217 217 215 215 215 213 212 212 210 214 212 167 144
 204 202 202 203 205 206 206 205 205 203 201 199 198 207 213 204
 206 204 201 200 202 205 205 205 204 201 200 201 194 120  54  64
 205 204 203 202 202 202 204 202 200 202 199 155  86  61  70  78
 206 208 206 203 203 203 202 201 208 166 102  50  65  70  74  80
 207 209 208 205 203 201 209 193 121  63  61  70  72  72  74  80
 210 209 208 206 209 196 147  63  64  70  69  70  68  67  70  76
 209 210 213 213 158  93  64  68  71  70  67  68  66  66  72  77
 205 211 200 122  82  72  72  71  69  66  62  64  67  68  72  77
 204 212 202 127  70  74  74  71  68  64  57  59  64  67  70  73
 206 209 213 214 168  72  67  72  71  69  64  62  64  68  71  73
 207 209 211 211 216 224 127  67  74  72  69  67  68  71  75  76
 208 209 210 211 209 211 217 194 110  74  68  71  72  75  76  78
 211 211 211 211 209 208 208 211 208 154  83  70  70  76  80  81
 209 210 211 211 210 209 209 206 204 211 196 145  82  70  79  82
 208 210 211 211 211 209 208 206 205 206 208 214 179 114  68  70
 208 210 211 211 211 209 207 206 206 206 206 203 205 202 160 139

 220  82  88  86  83  78  79  79  77  79  80  80  79  78  71 146
 227  75  85  81  77  73  75  74  73  76  78  76  76  74  69 168
 220 143  82  80  73  70  70  71  73  72  73  71  71  66 118 211
 209 214 110  79  73  72  73  73  73  69  69  70  67  82 185 213
 207 217 179  70  75  75  74  72  69  69  70  70  70 148 219 209
 206 209 220 126  74  74  76  72  70  71  71  67  86 202 214 211
 206 208 219 189  81  81  78  76  73  73  72  77 159 217 210 210
 207 207 210 227 141  79  83  79  76  76  77 116 215 211 210 211
 205 206 207 213 212  84  84  82  78  78  72 201 217 213 214 213
 205 206 207 211 225 169  83  86  81  75 135 225 215 216 215 215
 206 207 206 207 211 213 114  87  85  83 235 219 215 215 215 215
 206 207 206 207 210 222 176  98  84 179 225 216 215 215 217 217
 206 207 206 207 209 213 226 136 139 222 219 217 216 216 217 217
 206 207 207 209 211 212 220 212 213 219 217 217 217 217 217 217
 208 208 207 211 213 213 216 222 222 217 216 216 217 216 216 216
 208 211 212 213 215 216 217 218 219 219 218 218 218 218 218 217
 213  68  77  76  75  74  74  74  73  71  71  72  75  77  67 144
 223  64  74  73  72  72  72  72  72  71  71  71  74  76  70 167
 218 135  70  73  71  71  69  71  74  72  70  71  74  72 121 212
 210 210 100  73  73  73  73  75  75  72  69  72  74  90 188 214
 210 216 173  65  75  74  75  75  72  72  71  73  79 156 223 210
 210 212 217 121  71  74  76  74  73  74  72  73  95 208 216 212
 210 212 218 184  77  77  76  76  75  74  73  82 166 220 212 212
 211 212 211 224 137  74  75  75  75  74  76 119 220 212 211 213
 210 210 210 213 208  76  72  74  74  74  70 201 218 212 214 215
 210 210 211 212 222 160  72  74  75  70 130 222 214 215 215 215
 210 211 211 210 211 207 103  72  72  77 228 215 212 214 215 215
 210 212 211 209 210 219 167  79  67 173 220 213 213 215 217 217
 211 212 211 210 209 212 221 119 123 218 215 215 215 216 217 217
 211 212 212 211 212 212 216 195 198 217 216 216 216 216 217 217
 211 213 212 213 214 214 212 210 213 216 217 216 216 217 217 218
 212 214 214 216 215 215 212 211 215 218 217 216 217 218 218 218
 204  64  78  80  80  76  77  77  73  73  76  78  81  82  70 139
 213  54  70  74  74  70  72  72  70  71  75  76  80  79  68 160
 207 120  61  70  72  67  66  68  67  68  71  75  76  70 114 202
 198 194  86  65  72  68  66  67  64  64  68  72  70  82 179 205
 199 201 155  50  70  70  68  64  59  62  67  71  70 145 214 203
 201 200 199 102  61  69  67  62  57  64  69  68  83 196 208 206
 203 201 202 166  63  70  70  66  64  69  72  74 154 211 206 206
 205 204 200 208 121  64  71  69  68  71  74 110 208 204 205 206
 205 205 202 201 193  63  68  71  71  72  67 194 211 206 206 206
 206 205 204 202 209 147  64  72  74  67 127 217 208 209 208 207
 206 205 202 203 201 196  93  72  74  72 224 211 208 209 209 209
 205 202 202 203 203 209 158  82  70 168 216 209 209 210 211 211
 203 200 202 203 205 206 213 122 127 214 211 211 211 211 211 211
 202 201 203 206 208 208 213 200 202 213 211 210 211 211 211 211
 202 204 204 208 209 209 210 211 212 209 209 209 211 210 210 210
 204 206 205 206 207 210 209 205 204 206 207 208 211 209 208 208

 146 168 211 213 209 211 210 211 213 215 215 217 217 217 216 217
  71  69 118 185 219 214 210 210 214 215 215 217 217 217 216 218
  78  74  66  82 148 202 217 211 213 216 215 215 216 217 216 218
  79  76  71  67  70  86 159 215 217 215 215 215 216 217 217 218
  80  76  71  70  70  67  77 116 201 225 219 216 217 217 216 218
  80  78  73  69  70  71  72  77  72 135 235 225 219 217 216 218
  79  76  72  69  69  71  73  76  78  75  83 179 222 219 217 219
  77  73  73  73  69  70  73  76  78  81  85  84 139 213 222 219
  79  74  71  73  72  72  76  79  82  86  87  98 136 212 222 218
  79  75  70  73  74  76  78  83  84  83 114 176 226 220 216 217
  78  73  70  72  75  74  81  79  84 169 213 222 213 212 213 216
  83  77  73  73  75  74  81 141 212 225 211 210 209 211 213 215
  86  81  80  79  70 126 189 227 213 211 207 207 207 209 211 213
  88  85  82 110 179 220 219 210 207 207 206 206 206 207 207 212
  82  75 143 214 217 209 208 207 206 206 207 207 207 207 208 211
 220 227 220 209 207 206 206 207 205 205 206 206 206 206 208 208
 144 167 212 214 210 212 212 213 215 215 215 217 217 217 218 218
  67  70 121 188 223 216 212 211 214 215 215 217 217 217 217 218
  77  76  72  90 156 208 220 212 212 215 214 215 216 216 217 218
  75  74  74  74  79  95 166 220 218 214 212 213 215 216 216 217
  72  71  71  72  73  73  82 119 201 222 215 213 215 216 216 216
  71  71  70  69  71  72  73  76  70 130 228 220 215 216 217 217
  71  71  72  72  72  74  74  74  74  70  77 173 218 217 216 218
  73  72  74  75  72  73  75  75  74  75  72  67 123 198 213 215
  74  72  71  75  75  74  76  75  74  74  72  79 119 195 210 211
  74  72  69  73  75  76  76  75  72  72 103 167 221 216 212 212
  74  72  71  73  74  74  77  74  76 160 207 219 212 212 214 215
  75  72  71  73  75  71  77 137 208 222 211 210 209 212 214 215
  76  73  73  73  65 121 184 224 213 212 210 209 210 211 213 216
  77  74  70 100 173 217 218 211 210 211 211 211 211 212 212 214
  68  64 135 210 216 212 212 212 210 210 211 212 212 212 213 214
 213 223 218 210 210 210 210 211 210 210 210 210 211 211 211 212
 139 160 202 205 203 206 206 206 206 207 209 211 211 211 210 208
  70  68 114 179 214 208 206 205 206 208 209 211 211 211 210 208
  82  79  70  82 145 196 211 204 206 209 209 210 211 211 210 209
  81  80  76  70  70  83 154 208 211 208 208 209 211 211 211 211
  78  76  75  72  71  68  74 110 194 217 211 209 211 210 209 208
  76  75  71  68  67  69  72  74  67 127 224 216 211 211 209 207
  73  71  68  64  62  64  69  71  72  67  72 168 214 213 209 206
  73  70  67  64  59  57  64  68  71  74  74  70 127 202 212 204
  77  72  68  67  64  62  66  69  71  72  72  82 122 200 211 205
  77  72  66  66  68  67  70  71  68  64  93 158 213 213 210 209
  76  70  67  68  70  69  70  64  63 147 196 209 206 208 209 210
  80  74  72  72  70  61  63 121 193 209 201 203 205 208 209 207
  80  74  70  65  50 102 166 208 201 202 203 203 203 206 208 206
  78  70  61  86 155 199 202 200 202 204 202 202 202 203 204 205
  64  54 120 194 201 200 201 204 205 205 205 202 200 201 204 206
 204 213 207 198 199 201 203 205 205 206 206 205 203 202 202 204

 217 218 218 218 218 218 219 219 218 217 216 215 213 212 211 208
 216 216 216 217 216 216 217 222 222 216 213 213 211 207 208 208
 217 217 217 217 217 217 219 213 212 220 212 211 209 207 207 206
 217 217 216 216 217 219 222 139 136 226 213 209 207 206 207 206
 217 217 215 215 216 225 179  84  98 176 222 210 207 206 207 206
 215 215 215 215 219 235  83  85  87 114 213 211 207 206 207 206
 215 215 216 215 225 135  75  81  86  83 169 225 211 207 206 205
 213 214 213 217 201  72  78  78  82  84  84 212 213 207 206 205
 211 210 211 215 116  77  76  76  79  83  79 141 227 210 207 207
 210 210 217 159  77  72  73  73  76  78  81  81 189 219 208 206
 211 214 202  86  67  71  71  70  72  76  74  74 126 220 209 206
 209 219 148  70  70  70  69  69  72  74  75  75  70 179 217 207
 213 185  82  67  70  69  69  73  73  73  72  73  79 110 214 209
 211 118  66  71  71  73  72  73  71  70  70  73  80  82 143 220
 168  69  74  76  76  78  76  73  74  75  73  77  81  85  75 227
 146  71  78  79  80  80  79  77  79  79  78  83  86  88  82 220
 218 218 218 217 216 217 218 215 211 212 215 215 216 214 214 212
 218 217 217 216 216 217 216 213 210 212 214 214 213 212 213 211
 217 217 216 216 216 216 217 198 195 216 212 212 211 212 212 211
 217 217 216 215 215 215 218 123 119 221 212 209 210 211 212 211
 217 217 215 213 213 220 173  67  79 167 219 210 209 211 212 210
 215 215 214 212 215 228  77  72  72 103 207 211 210 211 211 210
 215 215 215 214 222 130  70  75  74  72 160 222 212 211 210 210
 215 214 212 218 201  70  74  74  74  72  76 208 213 210 210 210
 213 211 212 220 119  76  74  75  75  75  74 137 224 211 212 211
 212 212 220 166  82  73  74  75  76  76  77  77 184 218 212 210
 212 216 208  95  73  72  74  73  74  76  74  71 121 217 212 210
 210 223 156  79  73  71  72  72  75  75  74  75  65 173 216 210
 214 188  90  74  72  69  72  75  75  73  73  73  73 100 210 210
 212 121  72  74  71  70  72  74  71  69  71  71  73  70 135 218
 167  70  76  74  71  71  71  72  72  72  72  72  73  74  64 223
 144  67  77  75  72  71  71  73  74  74  74  75  76  77  68 213
 208 208 209 211 208 207 206 204 205 209 210 207 206 205 206 204
 210 210 210 211 209 209 209 212 211 210 209 209 208 204 204 202
 211 211 211 211 210 211 213 202 200 213 208 208 206 203 201 202
 211 211 211 211 211 211 214 127 122 213 206 205 203 202 200 203
 211 211 210 209 209 216 168  70  82 158 209 203 203 202 202 205
 209 209 209 208 211 224  72  74  72  93 196 201 203 202 205 206
 207 208 209 208 217 127  67  74  72  64 147 209 202 204 205 206
 206 206 206 211 194  67  72  71  71  68  63 193 201 202 205 205
 206 205 204 208 110  74  71  68  69  71  64 121 208 200 204 205
 206 206 211 154  74  72  69  64  66  70  70  63 166 202 201 203
 206 208 196  83  68  69  64  57  62  67  69  61 102 199 200 201
 203 214 145  70  71  67  62  59  64  68  70  70  50 155 201 199
 205 179  82  70  72  68  64  64  67  66  68  72  65  86 194 198
 202 114  70  76  75  71  68  67  68  66  67  72  70  61 120 207
 160  68  79  80  76  75  71  70  72  72  70  74  74  70  54 213
 139  70  82  81  78  76  73  73  77  77  76  80  80  78  64 204

