 179 181 181 182 182 184 179 170 167 165 183 182 183 184 184 184
 179 180 180 181 182 191 121  61  62  56 165 184 183 184 185 186
 177 178 179 180 182 190 127  75  76  63 167 183 182 183 184 185
 176 177 178 179 181 188 130  77  80  75 172 183 181 183 182 184
 175 177 178 178 178 184 118  75  78  79 171 184 180 181 182 183
 176 181 184 177 180 189 111  78  78  81 171 181 182 183 183 185
 155 121 114 141 145 147  93  79  76  78 130 144 156 155 151 150
 117  57  64  61  63  63  71  75  75  72  65  64  61  63  65  72
 114  59  66  67  68  69  70  71  72  70  72  72  71  72  72  80
 119  61  63  62  63  64  69  71  71  69  66  64  64  66  61  79
 171 173 151 154 153 155  90  68  70  70 125 142 141 146 138 143
 172 175 181 182 182 190 103  69  73  76 169 178 181 183 185 182
 172 173 174 175 176 186 106  69  72  71 169 178 176 177 178 178
 172 173 174 174 175 183 106  69  69  69 167 176 176 176 177 177
 172 174 174 172 172 180 102  63  63  81 171 172 175 177 177 177
 169 171 172 173 173 171  99  68  56  75 166 170 174 177 177 177
 181 182 182 182 183 187 181 172 169 166 184 184 184 186 187 186
 180 181 181 181 181 191 121  61  63  59 168 186 183 184 184 186
 179 179 180 181 181 187 123  72  73  63 168 184 183 183 183 184
 179 178 179 180 182 187 126  70  73  73 170 183 182 182 182 182
 177 178 178 179 180 185 115  68  72  76 171 184 182 182 181 182
 177 182 185 178 179 186 105  71  70  78 171 183 184 185 185 186
 155 121 114 143 144 141  85  70  71  74 129 147 159 158 155 154
 117  55  62  59  60  59  66  68  67  67  63  64  64  65  67  75
 116  60  66  66  66  66  66  66  67  68  70  71  70  73  74  81
 117  58  61  58  59  60  66  67  67  66  63  61  62  66  65  84
 168 168 143 147 146 148  87  65  67  67 122 139 138 145 139 144
 173 175 179 178 178 185  99  63  66  72 166 178 180 182 183 181
 173 173 173 174 175 182 100  61  65  68 168 178 176 175 177 177
 173 174 174 174 175 180 101  63  66  68 168 177 175 174 176 176
 171 172 173 173 174 182 103  63  65  84 173 173 174 175 175 176
 170 170 170 172 173 173 101  71  63  83 175 174 174 174 174 175
 177 178 178 178 177 178 172 166 165 165 182 182 182 184 184 182
 177 177 177 177 177 183 113  55  59  55 163 180 179 180 180 182
 177 176 176 176 176 181 116  67  70  61 166 180 179 179 179 180
 175 175 175 175 173 178 117  63  69  70 167 179 179 180 180 180
 173 174 175 174 173 177 108  63  67  71 165 178 178 178 179 180
 173 177 181 174 175 182 103  69  70  76 167 179 178 179 180 181
 146 114 112 143 144 142  86  71  71  75 129 146 157 155 153 150
 108  49  60  60  61  60  68  72  71  68  63  63  63  64  65  71
 108  54  63  65  65  65  67  68  68  66  67  65  67  70  71  79
 109  52  58  59  59  59  64  66  67  63  60  59  61  65  64  81
 161 162 140 146 145 147  83  64  67  69 124 140 138 143 135 140
 168 170 174 174 174 184  97  64  68  73 168 179 180 181 181 178
 166 168 169 170 171 180  99  62  65  65 164 174 174 175 173 173
 162 165 167 169 169 174  97  61  64  65 164 173 173 173 172 171
 164 165 167 168 168 173  92  54  60  82 171 171 172 172 170 168
 165 166 167 168 168 164  89  59  53  75 167 169 170 171 170 169

 184 186 185 184 183 185 150  72  80  79 143 182 178 177 177 177
 184 185 184 182 182 183 151  65  72  61 138 185 178 177 177 177
 184 184 183 183 181 183 155  63  72  66 146 183 177 176 177 177
 183 183 182 181 180 182 156  61  71  64 141 181 176 176 175 174
 182 184 183 183 184 181 144  64  72  64 142 178 178 176 172 170
 183 165 167 172 171 171 130  65  72  66 125 169 169 167 171 166
 165  56  63  75  79  81  78  72  70  69  70  76  71  69  81  75
 167  62  76  80  78  78  76  75  72  71  70  73  72  69  63  56
 170  61  75  77  75  78  79  75  71  71  68  69  69  69  63  68
 179 121 127 130 118 111  93  71  70  69  90 103 106 106 102  99
 184 191 190 188 184 189 147  63  69  64 155 190 186 183 180 171
 182 182 182 181 178 180 145  63  68  63 153 182 176 175 172 173
 182 181 180 179 178 177 141  61  67  62 154 182 175 174 172 173
 181 180 179 178 178 184 114  64  66  63 151 181 174 174 174 172
 181 180 178 177 177 181 121  57  59  61 173 175 173 173 174 171
 179 179 177 176 175 176 155 117 114 119 171 172 172 172 172 169
 186 186 184 182 182 186 154  75  81  84 144 181 177 176 176 175
 187 184 183 182 181 185 155  67  74  65 139 183 177 176 175 174
 186 184 183 182 182 185 158  65  73  66 145 182 175 174 175 174
 184 183 183 182 182 184 159  64  70  62 138 180 176 175 174 174
 184 186 184 183 184 183 147  64  71  61 139 178 178 177 173 174
 184 168 168 170 171 171 129  63  70  63 122 166 168 168 173 175
 166  59  63  73  76  78  74  67  68  66  67  72  68  68  84  83
 169  63  73  73  72  70  71  67  67  67  67  66  65  66  65  63
 172  61  72  70  68  71  70  68  66  67  65  63  61  63  63  71
 181 121 123 126 115 105  85  66  66  66  87  99 100 101 103 101
 187 191 187 187 185 186 141  59  66  60 148 185 182 180 182 173
 183 181 181 182 180 179 144  60  66  59 146 178 175 175 174 173
 182 181 181 180 179 178 143  59  66  58 147 178 174 174 173 172
 182 181 180 179 178 185 114  62  66  61 143 179 173 174 173 170
 182 181 179 178 178 182 121  55  60  58 168 175 173 174 172 170
 181 180 179 179 177 177 155 117 116 117 168 173 173 173 171 170
 182 182 180 180 180 181 150  71  79  81 140 178 173 171 168 169
 184 180 179 180 179 180 153  65  71  64 135 181 173 172 170 170
 184 180 179 180 178 179 155  64  70  65 143 181 175 173 172 171
 182 179 179 179 178 178 157  63  67  61 138 180 174 173 172 170
 182 180 180 179 178 179 146  63  65  59 140 179 174 173 171 169
 182 163 166 167 165 167 129  63  67  60 124 168 164 164 171 167
 165  55  61  70  71  76  75  68  66  63  69  73  65  65  82  75
 165  59  70  69  67  70  71  71  68  67  67  68  65  64  60  53
 166  55  67  63  63  69  71  72  68  66  64  64  62  61  54  59
 172 113 116 117 108 103  86  68  67  64  83  97  99  97  92  89
 178 183 181 178 177 182 142  60  65  59 147 184 180 174 173 164
 177 177 176 173 173 175 144  61  65  59 145 174 171 169 168 168
 178 177 176 175 174 174 143  60  65  59 146 174 170 169 168 168
 178 177 176 175 175 181 112  60  63  58 140 174 169 167 167 167
 178 177 176 175 174 177 114  49  54  52 162 170 168 165 165 166
 177 177 177 175 173 173 146 108 108 109 161 168 166 162 164 165

 177 177 177 174 170 166  75  56  68  99 171 173 173 172 171 169
 177 177 177 175 172 171  81  63  63 102 180 172 172 174 174 172
 177 177 176 176 176 167  69  69  69 106 183 175 174 174 173 172
 178 178 177 176 178 169  71  72  69 106 186 176 175 174 173 172
 182 185 183 181 178 169  76  73  69 103 190 182 182 181 175 172
 143 138 146 141 142 125  70  70  68  90 155 153 154 151 173 171
  79  61  66  64  64  66  69  71  71  69  64  63  62  63  61 119
  80  72  72  71  72  72  70  72  71  70  69  68  67  66  59 114
  72  65  63  61  64  65  72  75  75  71  63  63  61  64  57 117
 150 151 155 156 144 130  78  76  79  93 147 145 141 114 121 155
 185 183 183 182 181 171  81  78  78 111 189 180 177 184 181 176
 183 182 181 180 184 171  79  78  75 118 184 178 178 178 177 175
 184 182 183 181 183 172  75  80  77 130 188 181 179 178 177 176
 185 184 183 182 183 167  63  76  75 127 190 182 180 179 178 177
 186 185 184 183 184 165  56  62  61 121 191 182 181 180 180 179
 184 184 184 183 182 183 165 167 170 179 184 182 182 181 181 179
 175 174 174 174 174 175  83  63  71 101 173 173 172 170 170 170
 176 175 175 174 173 173  84  65  63 103 182 174 173 173 172 171
 176 176 174 175 177 168  68  66  63 101 180 175 174 174 174 173
 177 177 175 176 178 168  68  65  61 100 182 175 174 173 173 173
 181 183 182 180 178 166  72  66  63  99 185 178 178 179 175 173
 144 139 145 138 139 122  67  67  65  87 148 146 147 143 168 168
  84  65  66  62  61  63  66  67  67  66  60  59  58  61  58 117
  81  74  73  70  71  70  68  67  66  66  66  66  66  66  60 116
  75  67  65  64  64  63  67  67  68  66  59  60  59  62  55 117
 154 155 158 159 147 129  74  71  70  85 141 144 143 114 121 155
 186 185 185 184 183 171  78  70  71 105 186 179 178 185 182 177
 182 181 182 182 184 171  76  72  68 115 185 180 179 178 178 177
 182 182 182 182 183 170  73  73  70 126 187 182 180 179 178 179
 184 183 183 183 184 168  63  73  72 123 187 181 181 180 179 179
 186 184 184 183 186 168  59  63  61 121 191 181 181 181 181 180
 186 187 186 184 184 184 166 169 172 181 187 183 182 182 182 181
 169 170 171 170 169 167  75  53  59  89 164 168 168 167 166 165
 168 170 172 172 171 171  82  60  54  92 173 168 168 167 165 164
 171 172 173 173 173 164  65  64  61  97 174 169 169 167 165 162
 173 173 175 174 174 164  65  65  62  99 180 171 170 169 168 166
 178 181 181 180 179 168  73  68  64  97 184 174 174 174 170 168
 140 135 143 138 140 124  69  67  64  83 147 145 146 140 162 161
  81  64  65  61  59  60  63  67  66  64  59  59  59  58  52 109
  79  71  70  67  65  67  66  68  68  67  65  65  65  63  54 108
  71  65  64  63  63  63  68  71  72  68  60  61  60  60  49 108
 150 153 155 157 146 129  75  71  71  86 142 144 143 112 114 146
 181 180 179 178 179 167  76  70  69 103 182 175 174 181 177 173
 180 179 178 178 178 165  71  67  63 108 177 173 174 175 174 173
 180 180 180 179 179 167  70  69  63 117 178 173 175 175 175 175
 180 179 179 179 180 166  61  70  67 116 181 176 176 176 176 177
 182 180 180 179 180 163  55  59  55 113 183 177 177 177 177 177
 182 184 184 182 182 182 165 165 166 172 178 177 178 178 178 177

 169 172 172 172 172 171 119 114 117 155 176 175 176 177 179 179
 171 174 173 173 175 173  61  59  57 121 181 177 177 178 180 181
 172 174 174 174 181 151  63  66  64 114 184 178 178 179 180 181
 173 172 174 175 182 154  62  67  61 141 177 178 179 180 181 182
 173 172 175 176 182 153  63  68  63 145 180 178 181 182 182 182
 171 180 183 186 190 155  64  69  63 147 189 184 188 190 191 184
  99 102 106 106 103  90  69  70  71  93 111 118 130 127 121 179
  68  63  69  69  69  68  71  71  75  79  78  75  77  75  61 170
  56  63  69  72  73  70  71  72  75  76  78  78  80  76  62 167
  75  81  69  71  76  70  69  70  72  78  81  79  75  63  56 165
 166 171 167 169 169 125  66  72  65 130 171 171 172 167 165 183
 170 172 176 178 178 142  64  72  64 144 181 184 183 183 184 182
 174 175 176 176 181 141  64  71  61 156 182 180 181 182 183 183
 177 177 176 177 183 146  66  72  63 155 183 181 183 183 184 184
 177 177 177 178 185 138  61  72  65 151 183 182 182 184 185 184
 177 177 177 178 182 143  79  80  72 150 185 183 184 185 186 184
 170 171 173 173 173 168 117 116 117 155 177 177 179 179 180 181
 170 172 174 173 175 168  58  60  55 121 182 178 178 179 181 182
 170 173 174 173 179 143  61  66  62 114 185 178 179 180 181 182
 172 173 174 174 178 147  58  66  59 143 178 179 180 181 181 182
 173 174 175 175 178 146  59  66  60 144 179 180 182 181 181 183
 173 182 180 182 185 148  60  66  59 141 186 185 187 187 191 187
 101 103 101 100  99  87  66  66  66  85 105 115 126 123 121 181
  71  63  63  61  63  65  67  66  68  70  71  68  70  72  61 172
  63  65  66  65  66  67  67  67  67  71  70  72  73  73  63 169
  83  84  68  68  72  67  66  68  67  74  78  76  73  63  59 166
 175 173 168 168 166 122  63  70  63 129 171 171 170 168 168 184
 174 173 177 178 178 139  61  71  64 147 183 184 183 184 186 184
 174 174 175 176 180 138  62  70  64 159 184 182 182 183 183 184
 174 175 174 175 182 145  66  73  65 158 185 182 182 183 184 186
 174 175 176 177 183 139  65  74  67 155 185 181 182 183 184 187
 175 176 176 177 181 144  84  81  75 154 186 182 182 184 186 186
 165 164 162 166 168 161 109 108 108 146 173 173 175 177 177 177
 166 165 165 168 170 162  52  54  49 114 177 174 175 176 177 178
 167 167 167 169 174 140  58  63  60 112 181 175 175 176 177 178
 168 168 169 170 174 146  59  65  60 143 174 174 175 176 177 178
 168 168 169 171 174 145  59  65  61 144 175 173 173 176 177 177
 164 173 174 180 184 147  59  65  60 142 182 177 178 181 183 178
  89  92  97  99  97  83  64  67  68  86 103 108 117 116 113 172
  59  54  61  62  64  64  66  68  72  71  69  63  63  67  55 166
  53  60  64  65  68  67  67  68  71  71  70  67  69  70  59 165
  75  82  65  65  73  69  63  66  68  75  76  71  70  61  55 165
 167 171 164 164 168 124  60  67  63 129 167 165 167 166 163 182
 169 171 173 174 179 140  59  65  63 146 179 178 179 180 180 182
 170 172 173 174 180 138  61  67  63 157 178 178 179 179 179 182
 171 172 173 175 181 143  65  70  64 155 179 178 180 179 180 184
 170 170 172 173 181 135  64  71  65 153 180 179 180 179 180 184
 169 168 171 173 178 140  81  79  71 150 181 180 180 180 182 182

