 176 175 175 174 174 175 177 179 179 179 180 180 182 183 183 184
 174 174 175 176 176 177 177 179 179 178 179 179 181 183 183 182
 176 175 174 174 175 178 179 179 177 178 178 178 181 180 180 179
 176 176 173 173 174 177 178 179 176 177 177 177 180 180 180 181
 172 172 171 174 173 176 177 178 178 177 177 177 178 178 178 179
 173 172 173 178 177 179 174 182 193 191 193 183 178 185 181 172
 128  72  70  70  75  66  73  67  58  61  58  79  74  66  67  92
 121  60  61  59  59  58  59  60  60  61  62  64  64  64  59  81
 126  56  61  59  60  58  58  56  58  59  61  62  62  61  54  88
 143  76  71  71  73  84  90  83  73  69  72  64  54  53  64  97
 175 177 183 183 183 176 179 184 186 186 178 187 190 192 186 177
 173 174 172 172 172 174 175 177 175 175 177 175 177 176 176 177
 171 172 171 172 172 175 176 176 176 175 176 175 176 176 176 177
 168 168 170 170 172 172 175 175 175 174 174 175 175 176 176 176
 169 168 170 170 172 174 176 176 175 174 174 175 176 177 176 177
 168 170 170 171 171 173 175 174 174 174 174 175 176 175 175 176
 172 173 174 175 175 177 177 178 178 178 178 178 178 178 176 176
 171 174 175 175 174 175 175 177 178 178 177 177 178 178 176 176
 171 173 174 175 174 175 175 177 176 176 176 176 176 176 176 177
 171 172 173 174 175 176 176 176 174 175 175 175 175 174 174 175
 171 172 171 173 174 176 176 176 175 174 176 175 175 174 174 174
 174 174 174 176 175 176 170 178 189 187 190 182 180 186 181 174
 127  72  70  68  71  63  68  63  54  57  52  74  71  64  68  95
 122  60  61  58  56  54  56  58  58  57  57  55  55  56  55  79
 125  54  58  57  57  55  54  53  57  56  57  57  56  56  53  87
 141  74  68  68  70  80  87  81  72  67  71  59  47  47  63  97
 174 178 183 184 183 173 175 181 183 185 177 185 187 188 183 174
 168 170 170 169 171 171 172 173 172 173 173 173 173 173 173 173
 168 169 168 168 168 170 172 172 173 173 174 173 173 174 173 173
 167 167 168 169 169 169 170 171 171 172 172 172 173 173 173 172
 166 168 169 170 169 168 169 171 170 169 171 171 172 173 172 172
 166 168 169 167 167 167 167 168 167 167 169 170 171 172 171 170
 173 172 170 171 172 174 175 174 174 174 175 177 179 179 177 177
 171 170 171 171 173 174 174 175 175 175 176 176 177 177 175 172
 171 169 170 171 173 175 176 176 175 177 176 175 174 173 173 172
 171 169 169 170 171 173 174 176 175 174 176 175 175 175 175 175
 168 168 167 169 169 171 171 172 173 172 173 174 175 175 175 175
 167 168 170 175 174 176 170 178 188 186 189 182 179 186 181 171
 118  63  64  68  71  63  70  65  58  60  56  79  76  68  69  92
 112  52  56  56  55  53  55  57  59  61  61  62  62  63  58  80
 117  49  58  57  56  54  53  51  56  58  60  62  62  62  55  88
 134  69  68  71  74  83  86  76  64  60  67  59  50  51  63  97
 171 173 180 182 183 176 176 180 180 179 172 182 186 188 182 174
 171 171 169 168 170 171 171 173 172 172 174 173 174 173 174 174
 169 170 168 166 165 169 170 171 172 172 173 172 173 173 173 173
 167 167 165 165 164 165 168 170 170 171 171 171 172 172 172 171
 166 164 162 161 163 164 168 169 169 168 170 170 171 172 171 169
 163 161 161 161 161 163 165 167 167 167 169 171 172 171 170 169

 184 182 179 181 179 172  92  81  88  97 177 177 177 176 177 176
 183 183 180 180 178 181  67  59  54  64 186 176 176 176 176 175
 183 183 180 180 178 185  66  64  61  53 192 176 176 176 177 175
 182 181 181 180 178 178  74  64  62  54 190 177 176 175 176 176
 180 179 178 177 177 183  79  64  62  64 187 175 175 175 175 175
 180 179 178 177 177 193  58  62  61  72 178 177 176 174 174 174
 179 178 178 177 177 191  61  61  59  69 186 175 175 174 174 174
 179 179 177 176 178 193  58  60  58  73 186 175 176 175 175 174
 179 179 179 179 178 182  67  60  56  83 184 177 176 175 176 174
 177 177 179 178 177 174  73  59  58  90 179 175 176 175 176 175
 175 177 178 177 176 179  66  58  58  84 176 174 175 172 174 173
 174 176 175 174 173 177  75  59  60  73 183 172 172 172 172 171
 174 176 174 173 174 178  70  59  59  71 183 172 172 170 170 171
 175 175 174 173 171 173  70  61  61  71 183 172 171 170 170 170
 175 174 175 176 172 172  72  60  56  76 177 174 172 168 168 170
 176 174 176 176 172 173 128 121 126 143 175 173 171 168 169 168
 176 176 177 175 174 174  95  79  87  97 174 173 173 172 172 170
 176 176 176 174 174 181  68  55  53  63 183 173 173 173 172 171
 178 178 176 174 174 186  64  56  56  47 188 173 174 173 173 172
 178 178 176 175 175 180  71  55  56  47 187 173 173 173 172 171
 178 177 176 175 175 182  74  55  57  59 185 173 173 172 171 170
 178 177 176 175 176 190  52  57  57  71 177 173 174 172 171 169
 178 178 176 175 174 187  57  57  56  67 185 173 173 172 169 167
 178 178 176 174 175 189  54  58  57  72 183 172 173 171 170 167
 178 177 177 176 176 178  63  58  53  81 181 173 172 171 171 168
 177 175 175 176 176 170  68  56  54  87 175 172 172 170 169 167
 177 175 175 176 176 176  63  54  55  80 173 171 170 169 168 167
 175 174 174 175 174 175  71  56  57  70 183 171 168 169 169 167
 175 175 175 174 173 176  68  58  57  68 184 169 168 169 170 167
 174 175 174 173 171 174  70  61  58  68 183 170 168 168 169 169
 173 174 173 172 172 174  72  60  54  74 178 170 169 167 168 168
 172 171 171 171 171 174 127 122 125 141 174 168 168 167 166 166
 177 172 172 175 175 171  92  80  88  97 174 174 173 171 169 169
 177 175 173 175 175 181  69  58  55  63 182 174 173 172 171 170
 179 177 173 175 175 186  68  63  62  51 188 173 173 172 172 171
 179 177 174 175 175 179  76  62  62  50 186 174 173 172 171 172
 177 176 175 175 174 182  79  62  62  59 182 173 172 171 170 171
 175 176 176 176 173 189  56  61  60  67 172 174 173 171 170 169
 174 175 177 174 172 186  60  61  58  60 179 172 172 171 168 167
 174 175 175 175 173 188  58  59  56  64 180 172 172 170 169 167
 174 175 176 176 172 178  65  57  51  76 180 173 171 170 169 167
 175 174 176 174 171 170  70  55  53  86 176 171 170 168 168 165
 174 174 175 173 171 176  63  53  54  83 176 171 169 165 164 163
 172 173 173 171 169 174  71  55  56  74 183 170 165 164 163 161
 171 171 171 170 169 175  68  56  57  71 182 168 166 165 161 161
 170 171 170 169 167 170  64  56  58  68 180 169 168 165 162 161
 172 170 169 169 168 168  63  52  49  69 173 171 170 167 164 161
 173 171 171 171 168 167 118 112 117 134 171 171 169 167 166 163

 176 175 175 176 175 174 174 174 174 175 173 171 171 170 170 168
 177 176 177 176 175 174 174 175 176 176 174 172 170 170 168 169
 176 176 176 175 175 174 174 175 175 175 172 172 170 170 168 168
 177 176 176 176 175 176 175 176 176 176 175 172 172 171 172 171
 177 176 176 177 175 177 175 175 177 175 174 172 172 172 174 173
 177 186 192 190 187 178 186 186 184 179 176 183 183 183 177 175
  97  64  53  54  64  72  69  73  83  90  84  73  71  71  76 143
  88  54  61  62  62  61  59  58  56  58  58  60  59  61  56 126
  81  59  64  64  64  62  61  60  60  59  58  59  59  61  60 121
  92  67  66  74  79  58  61  58  67  73  66  75  70  70  72 128
 172 181 185 178 183 193 191 193 182 174 179 177 178 173 172 173
 179 178 178 178 177 177 177 178 178 177 176 173 174 171 172 172
 181 180 180 180 177 177 177 176 179 178 177 174 173 173 176 176
 179 180 180 181 178 178 178 177 179 179 178 175 174 174 175 176
 182 183 183 181 179 179 178 179 179 177 177 176 176 175 174 174
 184 183 183 182 180 180 179 179 179 177 175 174 174 175 175 176
 170 171 172 171 170 169 167 167 168 167 167 167 167 169 168 166
 172 172 173 172 171 171 169 170 171 169 168 169 170 169 168 166
 172 173 173 173 172 172 172 171 171 170 169 169 169 168 167 167
 173 173 174 173 173 174 173 173 172 172 170 168 168 168 169 168
 173 173 173 173 173 173 173 172 173 172 171 171 169 170 170 168
 174 183 188 187 185 177 185 183 181 175 173 183 184 183 178 174
  97  63  47  47  59  71  67  72  81  87  80  70  68  68  74 141
  87  53  56  56  57  57  56  57  53  54  55  57  57  58  54 125
  79  55  56  55  55  57  57  58  58  56  54  56  58  61  60 122
  95  68  64  71  74  52  57  54  63  68  63  71  68  70  72 127
 174 181 186 180 182 190 187 189 178 170 176 175 176 174 174 174
 174 174 174 175 175 176 174 175 176 176 176 174 173 171 172 171
 175 174 174 175 175 175 175 174 176 176 176 175 174 173 172 171
 177 176 176 176 176 176 176 176 177 175 175 174 175 174 173 171
 176 176 178 178 177 177 178 178 177 175 175 174 175 175 174 171
 176 176 178 178 178 178 178 178 178 177 177 175 175 174 173 172
 169 170 171 172 171 169 167 167 167 165 163 161 161 161 161 163
 169 171 172 171 170 170 168 169 169 168 164 163 161 162 164 166
 171 172 172 172 171 171 171 170 170 168 165 164 165 165 167 167
 173 173 173 173 172 173 172 172 171 170 169 165 166 168 170 169
 174 174 173 174 173 174 172 172 173 171 171 170 168 169 171 171
 174 182 188 186 182 172 179 180 180 176 176 183 182 180 173 171
  97  63  51  50  59  67  60  64  76  86  83  74  71  68  69 134
  88  55  62  62  62  60  58  56  51  53  54  56  57  58  49 117
  80  58  63  62  62  61  61  59  57  55  53  55  56  56  52 112
  92  69  68  76  79  56  60  58  65  70  63  71  68  64  63 118
 171 181 186 179 182 189 186 188 178 170 176 174 175 170 168 167
 175 175 175 175 174 173 172 173 172 171 171 169 169 167 168 168
 175 175 175 175 175 176 174 175 176 174 173 171 170 169 169 171
 172 173 173 174 175 176 177 175 176 176 175 173 171 170 169 171
 172 175 177 177 176 176 175 175 175 174 174 173 171 171 170 171
 177 177 179 179 177 175 174 174 174 175 174 172 171 170 172 173

 168 169 168 171 173 175 143 126 121 128 173 172 176 176 174 176
 170 168 168 172 174 177  76  56  60  72 172 172 176 175 174 175
 170 170 170 171 172 183  71  61  61  70 173 171 173 174 175 175
 171 170 170 172 172 183  71  59  59  70 178 174 173 174 176 174
 171 172 172 172 172 183  73  60  59  75 177 173 174 175 176 174
 173 174 172 175 174 176  84  58  58  66 179 176 177 178 177 175
 175 176 175 176 175 179  90  58  59  73 174 177 178 179 177 177
 174 176 175 176 177 184  83  56  60  67 182 178 179 179 179 179
 174 175 175 176 175 186  73  58  60  58 193 178 176 177 179 179
 174 174 174 175 175 186  69  59  61  61 191 177 177 178 178 179
 174 174 174 176 177 178  72  61  62  58 193 177 177 178 179 180
 175 175 175 175 175 187  64  62  64  79 183 177 177 178 179 180
 176 176 175 176 177 190  54  62  64  74 178 178 180 181 181 182
 175 177 176 176 176 192  53  61  64  66 185 178 180 180 183 183
 175 176 176 176 176 186  64  54  59  67 181 178 180 180 183 183
 176 177 176 177 177 177  97  88  81  92 172 179 181 179 182 184
 166 166 167 168 168 174 141 125 122 127 174 171 171 171 171 172
 168 168 167 169 170 178  74  54  60  72 174 172 172 173 174 173
 169 169 168 168 170 183  68  58  61  70 174 171 173 174 175 174
 167 170 169 168 169 184  68  57  58  68 176 173 174 175 175 175
 167 169 169 168 171 183  70  57  56  71 175 174 175 174 174 175
 167 168 169 170 171 173  80  55  54  63 176 176 176 175 175 177
 167 169 170 172 172 175  87  54  56  68 170 176 176 175 175 177
 168 171 171 172 173 181  81  53  58  63 178 176 176 177 177 178
 167 170 171 173 172 183  72  57  58  54 189 175 174 176 178 178
 167 169 172 173 173 185  67  56  57  57 187 174 175 176 178 178
 169 171 172 174 173 177  71  57  57  52 190 176 175 176 177 178
 170 171 172 173 173 185  59  57  55  74 182 175 175 176 177 178
 171 172 173 173 173 187  47  56  55  71 180 175 175 176 178 178
 172 173 173 174 173 188  47  56  56  64 186 174 174 176 178 178
 171 172 173 173 173 183  63  53  55  68 181 174 174 176 176 176
 170 172 172 173 173 174  97  87  79  95 174 174 175 177 176 176
 163 166 167 169 171 171 134 117 112 118 167 168 171 171 171 173
 161 164 167 170 171 173  69  49  52  63 168 168 169 169 170 172
 161 162 165 168 169 180  68  58  56  64 170 167 169 170 171 170
 161 161 165 166 168 182  71  57  56  68 175 169 170 171 171 171
 161 163 164 165 170 183  74  56  55  71 174 169 171 173 173 172
 163 164 165 169 171 176  83  54  53  63 176 171 173 175 174 174
 165 168 168 170 171 176  86  53  55  70 170 171 174 176 174 175
 167 169 170 171 173 180  76  51  57  65 178 172 176 176 175 174
 167 169 170 172 172 180  64  56  59  58 188 173 175 175 175 174
 167 168 171 172 172 179  60  58  61  60 186 172 174 177 175 174
 169 170 171 173 174 172  67  60  61  56 189 173 176 176 176 175
 171 170 171 172 173 182  59  62  62  79 182 174 175 175 176 177
 172 171 172 173 174 186  50  62  62  76 179 175 175 174 177 179
 171 172 172 173 173 188  51  62  63  68 186 175 175 173 177 179
 170 171 172 173 174 182  63  55  58  69 181 175 175 173 175 177
 169 169 171 173 174 174  97  88  80  92 171 175 175 172 172 177

